f_reporte_web	Fallecido	Recuperado	Observacion 	Positivos
2020-03-06	0	1	0	1
2020-03-09	0	2	0	2
2020-03-11	0	6	0	6
2020-03-12	0	5	0	5
2020-03-13	0	5	0	5
2020-03-14	0	18	0	18
2020-03-15	0	16	0	16
2020-03-16	1	13	0	14
2020-03-17	0	25	0	25
2020-03-18	0	12	0	12
2020-03-19	0	26	0	26
2020-03-20	3	45	0	48
2020-03-21	1	33	0	34
2020-03-22	1	28	0	29
2020-03-23	4	69	0	73
2020-03-24	4	101	0	105
2020-03-25	1	60	0	61
2020-03-26	1	9	0	10
2020-03-27	4	45	0	49
2020-03-28	5	64	0	69
2020-03-29	3	91	0	94
2020-03-30	9	86	1	96
2020-03-31	6	101	0	107
2020-04-01	12	147	1	160
2020-04-02	4	92	0	96
2020-04-03	9	96	0	105
2020-04-04	11	129	0	140
2020-04-05	7	72	0	79
2020-04-06	10	84	0	94
2020-04-07	9	120	0	129
2020-04-08	22	324	0	346
2020-04-09	18	151	0	169
2020-04-10	17	234	0	251
2020-04-11	27	208	0	235
2020-04-12	6	61	0	67
2020-04-13	1	73	1	76
2020-04-14	6	119	1	126
2020-04-15	13	111	1	125
2020-04-16	10	118	0	128
2020-04-17	9	196	0	205
2020-04-18	11	172	0	183
2020-04-19	4	170	0	174
2020-04-20	9	172	1	182
2020-04-21	8	162	1	171
2020-04-22	5	188	0	193
2020-04-23	16	177	1	194
2020-04-24	14	289	1	304
2020-04-25	13	247	1	261
2020-04-26	6	231	0	237
2020-04-27	4	212	2	218
2020-04-28	23	331	0	354
2020-04-29	15	246	0	261
2020-04-30	20	275	1	296
2020-05-01	18	480	2	500
2020-05-02	20	255	2	277
2020-05-03	13	407	3	423
2020-05-04	8	298	1	307
2020-05-05	44	593	4	641
2020-05-06	10	335	2	347
2020-05-07	12	485	0	497
2020-05-08	31	561	3	595
2020-05-09	19	425	0	444
2020-05-10	29	536	3	568
2020-05-11	24	525	1	550
2020-05-12	26	629	3	658
2020-05-13	27	628	4	659
2020-05-14	31	648	1	680
2020-05-15	20	584	2	606
2020-05-16	31	690	2	723
2020-05-17	19	611	5	635
2020-05-18	20	696	5	721
2020-05-19	29	609	2	640
2020-05-20	33	719	0	752
2020-05-21	20	622	1	643
2020-05-22	32	767	2	801
2020-05-23	48	993	5	1046
2020-05-24	42	956	0	998
2020-05-25	17	789	0	806
2020-05-26	22	994	6	1022
2020-05-27	30	1067	4	1101
2020-05-28	51	1207	4	1262
2020-05-29	42	1276	4	1322
2020-05-30	84	1460	4	1548
2020-05-31	30	1115	2	1147
2020-06-01	33	1074	3	1110
2020-06-02	80	1255	5	1340
2020-06-03	54	1464	2	1521
2020-06-04	78	1681	7	1766
2020-06-05	56	1446	13	1515
2020-06-06	56	1329	7	1392
2020-06-07	68	1133	8	1209
2020-06-08	75	1403	5	1483
2020-06-09	54	1300	5	1359
2020-06-10	66	1532	6	1604
2020-06-11	55	1473	2	1530
2020-06-12	81	1556	9	1646
2020-06-13	105	1777	6	1888
2020-06-14	104	2077	12	2193
2020-06-15	104	2010	10	2124
2020-06-16	84	1774	9	1868
2020-06-17	132	1980	3	2115
2020-06-18	186	2974	11	3171
2020-06-19	140	2901	18	3059
2020-06-20	128	2220	7	2357
2020-06-21	155	2849	15	3019
2020-06-22	81	2442	8	2531
2020-06-23	129	2250	10	2389
2020-06-24	159	3370	11	3541
2020-06-25	168	3305	13	3486
2020-06-26	157	3668	18	3843
2020-06-27	184	3954	10	4149
2020-06-28	156	3010	12	3178
2020-06-29	131	3137	6	3274
2020-06-30	107	2685	10	2803
2020-07-01	211	3942	10	4163
2020-07-02	199	3888	14	4101
2020-07-03	199	3184	12	3395
2020-07-04	180	3685	19	3884
2020-07-05	160	3546	15	3721
2020-07-06	130	3028	13	3171
2020-07-07	187	4008	18	4213
2020-07-08	216	3916	12	4144
2020-07-09	287	5034	13	5335
2020-07-10	214	6570	19	6803
2020-07-11	206	4360	20	4586
2020-07-12	197	4867	19	5083
2020-07-13	154	3663	15	3832
2020-07-14	225	5386	10	5621
2020-07-15	259	4994	18	5271
2020-07-16	325	7688	24	8037
2020-07-17	255	8657	21	8934
2020-07-18	293	8250	17	8560
2020-07-19	235	6324	19	6578
2020-07-20	259	6456	12	6727
2020-07-21	274	6742	17	7033
2020-07-22	356	7011	23	7390
2020-07-23	302	7625	16	7945
2020-07-24	348	6796	23	7168
2020-07-25	277	6963	14	7254
2020-07-26	321	7835	25	8181
2020-07-27	331	7770	23	8125
2020-07-28	392	9863	27	10284
2020-07-29	379	8258	33	8670
2020-07-30	331	9604	30	9965
2020-07-31	297	9162	25	9488
2020-08-01	322	10330	18	10673
2020-08-02	383	11053	32	11470
2020-08-03	336	9849	14	10199
2020-08-04	256	6679	193	7129
2020-08-05	378	9991	366	10735
2020-08-06	360	11246	389	11996
2020-08-07	260	8962	262	9486
2020-08-08	271	9129	272	9674
2020-08-09	303	10010	297	10611
2020-08-10	344	9473	325	10142
2020-08-11	361	12133	336	12830
2020-08-12	345	11274	445	12066
2020-08-13	414	10424	448	11286
2020-08-14	332	10579	394	11306
2020-08-15	294	10952	323	11578
2020-08-16	292	11050	300	11643
2020-08-17	221	7849	257	8328
2020-08-18	277	11817	367	12462
2020-08-19	368	12297	391	13056
2020-08-20	354	10717	470	11541
2020-08-21	298	7723	397	8419
2020-08-22	317	10243	404	10965
2020-08-23	269	7389	386	8044
2020-08-24	248	9954	319	10549
2020-08-25	383	9615	434	10432
2020-08-26	249	8067	406	10142
2020-08-27	269	8093	373	9752
2020-08-28	257	6535	353	8498
2020-08-29	223	6926	377	9394
2020-08-30	178	5915	306	8024
2020-08-31	162	4758	290	7230
2020-09-01	178	5706	320	8901
2020-09-02	202	5037	340	9270
2020-09-03	201	4120	120	8235
2020-09-04	167	3955	328	8488
2020-09-05	144	5687	191	8394
2020-09-06	111	4466	516	8065
2020-09-07	86	1745	268	5327
2020-09-08	110	2499	385	7665
2020-09-09	101	1517	361	7338
2020-09-10	129	842	447	7813
2020-09-11	84	496	386	7424
2020-09-12	67	255	337	6876
2020-09-13	68	551	285	7355
2020-09-14	23	31	181	5573
2020-09-15	54	7	312	6698
